id=30
Log
containable=0
containSize=1
permanent=0
mapChance=0.000000
heatValue=0
rValue=0.000000
person=0
male=0
deathMarker=0
foodValue=0
speedMult=1.000000
heldOffset=28.000000,21.000000
clothing=n
clothingOffset=0.000000,0.000000
deadlyDistance=0
numSlots=0
slotSize=1
numSprites=1
spriteID=101
pos=-1.000000,8.000000
rot=0.000000
hFlip=0
color=1.000000,1.000000,1.000000
ageRange=-1.000000,-1.000000
parent=-1
invisHolding=0
headIndex=0
bodyIndex=0
backFootIndex=0
frontFootIndex=0