id=17
type=0
numSprites=4
numSlots=0
animParam=0.000000 0.000000 0.000000 0.000000 0.000000 0.000000 (0.000000,0.000000) 0.000000 0.000000 0.000000 0.000000 0.000000 1.000000 0.000000
animParam=0.250000 34.000000 0.000000 0.312500 14.000000 0.177083 (-1.000000,-9.000000) 0.000000 0.000000 0.200000 0.052083 0.000000 6.000000 2.000000
animParam=0.000000 0.000000 0.000000 0.000000 0.000000 0.000000 (0.000000,0.000000) 0.000000 0.000000 6.000000 0.104167 0.468750 6.000000 2.000000
animParam=0.000000 0.000000 0.000000 0.000000 0.000000 0.000000 (0.000000,0.000000) 0.000000 0.000000 6.000000 0.104167 0.000000 6.000000 2.000000