id=39
type=0
numSprites=3
numSlots=0
animParam=0.000000 0.000000 0.000000 0.000000 0.000000 0.197917 (0.000000,0.000000) 0.000000 0.000000 0.312500 0.010417 0.000000 0.000000 0.000000
animParam=0.000000 0.000000 0.000000 0.000000 0.000000 0.000000 (0.000000,0.000000) 0.000000 0.000000 0.000000 0.000000 0.000000 1.000000 0.000000
animParam=0.000000 0.000000 0.000000 0.000000 0.000000 0.000000 (2.000000,-4.000000) 0.000000 0.000000 0.125000 0.020833 0.000000 1.000000 0.000000